# Fix print output for fix energy_file
0 0 120 732.206180682001 -2307.89445665639 -1575.68827597439 -53.6729801858683 1.15961512216949
100 200 124.232043927438 758.028920020234 -2303.07892366459 -1575.73932545534 26.6552542585612 1.16410867687982
200 400 117.807212457401 718.826409085219 -2296.21998267187 -1575.90742828293 -1.84239478616057 1.15975706786089
300 600 122.061965961932 744.787715862689 -2294.64611273698 -1575.87648351925 -30.9960641091638 1.15446067105636
400 800 116.553833840352 711.178646000739 -2274.47403831343 -1575.98084187249 47.3267218920744 1.15584378009558
500 1000 124.088569074759 757.153476904363 -2280.36036388592 -1575.91548046908 -51.8799459564625 1.1445083379437
600 1200 120.041789893734 732.461170836017 -2292.7803507015 -1575.99214528118 -54.0525539225341 1.15064393432647
700 1400 121.336208236378 740.359346759954 -2308.81791358236 -1575.94713548775 85.7475664487559 1.17130472708098
800 1600 117.729566497256 718.352635319197 -2316.78932904176 -1576.00065942648 -31.2901863942111 1.16279412071727
900 1800 122.084917235749 744.927758067217 -2308.63699252727 -1576.05445985608 -27.0973036485432 1.1597285335338
1000 2000 117.249572019247 715.423844290097 -2314.95129837425 -1576.08791200368 23.527017569567 1.16763790861328
1100 2200 119.447344732652 728.834033994176 -2313.16491846948 -1575.99925959848 22.2279981562941 1.16581363931338
1200 2400 120.201755634276 733.437236702034 -2293.69695343747 -1576.03019232453 -6.72728877034795 1.15579551693322
1300 2600 121.597527309107 741.953842094806 -2287.99185813272 -1575.86596132487 -12.7266940917664 1.15201477156284
1400 2800 120.099168578764 732.811279401172 -2291.58929936535 -1575.65939677842 -20.1477365522477 1.15269585669889
1500 3000 121.788532323907 743.119300864621 -2284.35577527412 -1575.7010741447 -0.507502897786227 1.15281461926346
1600 3200 119.068193702316 726.520561262311 -2269.12866733963 -1575.5305193936 -3.08234004855442 1.1485844343317
1700 3400 120.119813830077 732.93725090628 -2276.35353815255 -1575.55946714219 -22.8512460229508 1.14965676686735
1800 3600 119.902423078247 731.610793805337 -2286.46991839519 -1575.56519393628 14.2657376927751 1.1571910086089
1900 3800 121.520812757221 741.485751519475 -2297.54415862233 -1575.42500358427 -22.513992606023 1.15736570810633
2000 4000 119.043730043709 726.371290912024 -2299.68159287913 -1575.48004530496 3.59993658535588 1.16257740373402
2100 4200 125.140743937377 763.573551384093 -2299.73684185822 -1575.55250945659 -2.73665871204991 1.16077193838531
2200 4400 117.229503702845 715.30139307922 -2272.98122174571 -1575.39083496071 22.4460054714851 1.15360605713549
2300 4600 122.122898904512 745.159511505723 -2273.84631699424 -1575.4108360033 -34.3400821266412 1.1461784872009
2400 4800 116.071082382033 708.233032654786 -2274.23612288203 -1575.44448727416 -7.71723130553744 1.1490826953669
2500 5000 124.142546543121 757.482832203966 -2291.21757394542 -1575.26411712594 12.4081767584532 1.15562625266369
2600 5200 119.340756308322 728.183661468482 -2286.28019424977 -1575.27506707567 -7.91282645386702 1.15264897554248
2700 5400 121.344569145285 740.410362669764 -2290.86259026049 -1575.32145807282 -35.6335637504341 1.15078407971692
2800 5600 118.082732718415 720.507556068699 -2299.39163862816 -1575.36696534904 46.3341196118859 1.16263170413339
2900 5800 121.915850178275 743.89615853028 -2281.69367320516 -1575.13669187129 39.9133169341117 1.15380693163544
3000 6000 118.324448498064 721.982437633931 -2264.29481278003 -1575.05869707912 -66.5367899222353 1.13677534163301
3100 6200 125.958199089672 768.561432341928 -2264.21904231695 -1574.78458191678 29.0131330902813 1.14497570194403
3200 6400 120.614362961046 735.954850325836 -2268.34244947015 -1574.66892735359 21.1506267752177 1.14634940669203
3300 6600 119.019948576171 726.226183099385 -2266.15400724863 -1574.49965864569 -6.60872195826309 1.14123275313959
3400 6800 121.066118020251 738.711332380038 -2248.77865359179 -1574.48404243631 31.4156822624068 1.13686396518748
3500 7000 121.517540614579 741.465785827255 -2231.7265729682 -1574.44846330102 -18.7616025223158 1.12364629923941
3600 7200 117.730032791168 718.355480513232 -2214.79562702732 -1574.34972125009 -7.38095775739305 1.11890585871624
3700 7400 122.910820368254 749.967186219424 -2234.91404013333 -1574.29515666618 -16.0382683011161 1.12456712499841
3800 7600 119.152858063133 727.037159331259 -2254.00972515278 -1574.30320871808 20.1727992771909 1.13665570355932
3900 7800 121.837327121585 743.417032968325 -2252.44096517558 -1574.1653255982 21.4851031802405 1.13671718161118
4000 8000 117.339232887417 715.970929638759 -2236.93572371902 -1573.96940020157 -41.011158808473 1.12804645146331
4100 8200 119.644414193099 730.0364963022 -2249.86034659507 -1574.012931003 18.3421316669679 1.13840621882045
4200 8400 121.016992494069 738.411582264206 -2251.46245330999 -1573.83385085284 33.5228639938885 1.14061945827105
4300 8600 119.558592073409 729.512833914903 -2258.58288265625 -1573.74514839871 -75.3382128939418 1.13325306997152
4400 8800 120.697311370985 736.460978146123 -2265.72691872506 -1573.56561282998 50.3542858253618 1.14988408421122
4500 9000 121.547754459033 741.650142191019 -2282.97285256798 -1573.43743697499 -21.0371689575494 1.15078276476317
4600 9200 118.622695979805 723.802259713128 -2288.97334310277 -1573.42083942972 -0.869859006308703 1.1563437301396
4700 9400 125.306758618097 764.586526178316 -2294.00792004792 -1573.29934428291 51.2022979852074 1.15950175158079
4800 9600 119.095339706541 726.686198529601 -2295.46887143308 -1573.04723735987 -97.5119298273807 1.14628390994542
4900 9800 121.934726785411 744.011338267076 -2291.37330947959 -1572.9185825886 42.7070388409864 1.15923370604216
5000 10000 118.460885438907 722.814937395251 -2304.22738771915 -1573.142189478 13.2578419446068 1.16093749498259
5100 10200 119.631900796388 729.960143082091 -2298.85596244053 -1573.14881043776 -8.77090905206753 1.15800378508624
5200 10400 121.986428759839 744.32680914399 -2307.65055537848 -1573.2430169188 -7.12728745164317 1.15970432231518
5300 10600 118.801718640645 724.894605536034 -2304.13419391111 -1573.31716912338 17.9963716997806 1.16093938555912
5400 10800 122.110593406345 745.084426823935 -2314.84046081881 -1573.10639769468 -41.5822439388472 1.15776209755592
5500 11000 118.170351761927 721.042182778744 -2303.11550481796 -1573.01404538619 28.2807856424307 1.16288613660039
5600 11200 119.287822644152 727.860675167889 -2301.89287462316 -1573.24452963384 4.70540566489629 1.16233838216653
5700 11400 122.288076369099 746.167377843056 -2307.00335560933 -1573.32822356555 -7.9029834615575 1.16327240615424
5800 11600 120.907446530572 737.743163668026 -2296.5195630843 -1573.445838343 2.05961439628602 1.16137338847909
5900 11800 116.79870194514 712.67276216555 -2304.17470335855 -1573.46259739885 -19.0662870889322 1.16188185653678
6000 12000 121.709110370221 742.634690486528 -2293.27568964843 -1573.54445563409 69.9147017967452 1.16708547944543
6100 12200 118.080682311785 720.495045065303 -2302.82923064914 -1573.61332407467 -74.7778685581788 1.15361710987043
6200 12400 120.420100148003 734.769513389275 -2283.11396001413 -1573.60402840941 59.6097559639522 1.15816700844335
6300 12600 118.893813312101 725.456541266437 -2284.01031732525 -1573.5731679461 -42.1712962071659 1.14847665875006
6400 12800 122.861519388613 749.666365536032 -2290.95032032639 -1573.56993205631 -9.28671926573439 1.15431024776025
6500 13000 118.958519304843 725.851358998206 -2281.24139062746 -1573.51728140194 55.6112602014729 1.15847551656296
6600 13200 122.696671760032 748.66051176505 -2288.06781292687 -1573.38929414102 -98.9138951437545 1.14284510667589
6700 13400 121.364259229918 740.530506016985 -2277.39195420403 -1573.31759489955 17.7462631149373 1.15168658066935
6800 13600 116.096170156756 708.386111185717 -2295.56093559582 -1573.12713198845 4.68451322543466 1.15904216895182
6900 13800 122.950032171541 750.206445592106 -2295.44867339464 -1573.06868854537 15.2947901055072 1.16038464983308
7000 14000 117.421466285048 716.472694655459 -2295.90446532464 -1572.73841362218 -25.0468277364002 1.15778876722532
7100 14200 119.600514643773 729.76863362432 -2289.12279682619 -1572.53595925154 48.8533977681837 1.16269815731547
7200 14400 118.767484410392 724.685717911185 -2288.84588155198 -1572.5559720377 0.186594457689406 1.15851151910629
7300 14600 118.200812504396 721.228045644607 -2297.57675485588 -1572.11488052066 1.1199498692593 1.16133159174177
7400 14800 118.283715696195 721.733897556553 -2335.89336785258 -1571.95265184947 -28.6957071256899 1.17156223915852
7500 15000 122.621832783333 748.203865420926 -2335.22432316003 -1572.00526765358 89.8944523528355 1.18270479538792
7600 15200 116.426267861371 710.400274348616 -2312.67206537392 -1571.82868753686 -24.8882909076051 1.16429249021413
7700 15400 123.137628116239 751.351103176935 -2301.58070948065 -1571.7509571168 -58.3184361187656 1.15378158583868
7800 15600 117.045010662493 714.175668542233 -2284.63116051594 -1571.74541161438 59.1912578252921 1.15944345482665
7900 15800 122.710380558403 748.744158989191 -2292.4575576388 -1571.68133541782 -42.000219472022 1.15064408995558
8000 16000 118.774694649706 724.729712759432 -2289.21125643744 -1571.67442985827 -9.99155113440233 1.15274386353525
8100 16200 122.002331661416 744.423844167535 -2312.65285672167 -1571.65144047433 21.4247632945614 1.16289338894403
8200 16400 118.995920238769 726.079568956411 -2318.01080491495 -1571.46629642601 -8.47147654989171 1.16406108352572
8300 16600 122.228711422594 745.805149670166 -2301.16289278629 -1571.54432742279 1.96308647949718 1.16159040618528
8400 16800 118.407334514556 722.48818474699 -2295.99936383146 -1571.36631141551 6.86646131779581 1.1604133348712
8500 17000 120.279905974439 733.914088052786 -2293.53573809903 -1571.37157575304 -15.4451246152858 1.15832621695662
8600 17200 119.572788575623 729.599456970442 -2296.11538418406 -1571.36129258884 11.9727775548408 1.16248020774247
8700 17400 116.745327045943 712.347083573172 -2323.07216503712 -1571.54157753498 -26.1693888159756 1.168997965638
8800 17600 121.610084826858 742.030464529067 -2343.04565775003 -1571.37767856978 51.7337284544542 1.18394056804827
8900 17800 116.166723359034 708.816606942174 -2348.88041216892 -1571.08314130122 2.99556697716813 1.18192797416731
9000 18000 121.267898730073 739.942541403984 -2343.597022286 -1571.10730629204 -35.7465841610349 1.17467069049405
9100 18200 119.571277899125 729.590239248201 -2328.46552957447 -1571.23169325908 48.484184182667 1.17697551527117
9200 18400 124.488282064762 759.592412919191 -2319.23818607833 -1571.37493525957 -35.692919838657 1.16280347037798
9300 18600 115.620680830021 705.484809320017 -2288.2310972378 -1571.4946494798 -18.2667769876401 1.1539011041661
9400 18800 121.574458780242 741.81308443302 -2303.16798011356 -1571.63102072787 -22.63415501633 1.15693266909743
9500 19000 119.943760323362 731.86302202505 -2306.19994256991 -1572.09569669447 42.0399650122507 1.16553225547003
9600 19200 120.781662481706 736.975664851268 -2287.10990807838 -1572.03779621424 7.1022628515116 1.15732592947304
9700 19400 116.665735397225 711.861437763822 -2282.28744335519 -1572.10106468253 -49.5903999330463 1.15079329107971
9800 19600 122.152189479705 745.338234340655 -2273.96380121111 -1572.45391945787 67.5989675607758 1.15707449559445
9900 19800 118.741555722653 724.527508366019 -2272.80013383645 -1572.49319488903 -82.1990609648492 1.14075750295882
10000 20000 124.772123564467 761.324333756009 -2266.78837804084 -1572.5451817545 17.2835433569831 1.14865819859697
10100 20200 120.067904896497 732.620517222945 -2280.63074820822 -1572.583045717 44.1712236616178 1.15810105014227
10200 20400 118.846072645816 725.165241175405 -2292.66930144847 -1572.55899058248 -45.0481479331697 1.15177431692779
10300 20600 119.46897519895 728.966017003466 -2280.75471229134 -1572.53992678049 66.9135002253091 1.15862180829012
10400 20800 119.403216574175 728.564776407686 -2277.3096447064 -1572.73337885959 -14.6741055441061 1.14920978684064
10500 21000 120.396239726061 734.623923819112 -2269.97599973982 -1572.73046178671 -26.2468866710945 1.14418723183836
10600 21200 121.897752487683 743.785731522717 -2273.58914085298 -1572.8838648835 3.55667058056196 1.14970673179395
10700 21400 119.716233714588 730.4747187816 -2292.46158193945 -1572.88809590874 -23.3158864988831 1.15517636549646
10800 21600 118.988245499523 726.032739860482 -2305.44020473951 -1572.83177522866 32.3833878369618 1.16803172537981
10900 21800 119.495548005235 729.128156778464 -2330.73692260685 -1572.9180805376 4.03011548374318 1.17421745948805
11000 22000 119.98070141942 732.088426182173 -2329.51712912255 -1573.24127006509 35.7000283636382 1.17800904272868
11100 22200 117.964684391313 719.787258446007 -2334.35131655745 -1573.23386339105 -25.970381867921 1.17640535307319
11200 22400 122.004192671623 744.435199527333 -2332.40665468482 -1573.73180748961 48.607310290091 1.18123011882652
11300 22600 118.89737592524 725.478279327764 -2323.36465828156 -1573.80231463037 -18.7138416463067 1.1695106817443
11400 22800 120.151805110428 733.132452682952 -2300.76244844281 -1574.02607904599 -37.1799028618397 1.158742296825
11500 23000 120.366840138947 734.444535824158 -2294.47845517261 -1574.05601579229 30.1414385626762 1.1605311909015
11600 23200 118.243320425239 721.487416997684 -2261.08255600815 -1574.12851991625 48.6126519398993 1.14885421826824
11700 23400 118.230999484757 721.412238091242 -2227.19402087841 -1574.25146229742 -49.7901963969259 1.12499750008166
11800 23600 122.549859447833 747.76470441178 -2216.01854477948 -1573.92038348551 -17.7985770085992 1.12186860026498
11900 23800 119.854419941355 731.317892192632 -2228.68465132199 -1573.97691702228 7.76037175992043 1.1296195546906
12000 24000 120.753482564017 736.803718935408 -2240.51207071887 -1574.02496909903 4.99472655678063 1.13426007425049
12100 24200 117.364809684167 716.126992044278 -2271.15994819976 -1574.02334444805 -45.6950172238745 1.14048009941827
12200 24400 121.971884749852 744.238065693951 -2281.33937982767 -1574.08716014479 58.3748585028716 1.15459931354261
12300 24600 119.484221914003 729.059048161772 -2288.89489021238 -1574.04032709017 -56.4590743266494 1.14775654692494
12400 24800 116.129743512098 708.590966338115 -2293.02345295579 -1574.04134708835 -7.65251519483618 1.15590175550253
12500 25000 122.551263573907 747.773271993361 -2292.00725519437 -1573.80904373894 39.5564851193033 1.16131746655171
12600 25200 116.850658592189 712.989786983026 -2286.67561628555 -1573.56795313466 -31.4467759181044 1.15406022744412
12700 25400 121.821011548863 743.317479941756 -2298.96762480549 -1573.52418516268 6.27180718527049 1.16232516082854
12800 25600 117.829739911866 718.96386526351 -2302.87229249823 -1573.46215254614 73.9651668742078 1.1714718157382
12900 25800 122.96337083196 750.287834338783 -2316.9946510187 -1573.42754204779 -60.7009106822153 1.1631664304775
13000 26000 117.336628476826 715.955038259331 -2320.41911263609 -1573.059266793 -14.7146193715975 1.17149049675755
13100 26200 123.717619936205 754.890049804636 -2336.75990074306 -1572.89453064698 52.1396772031934 1.18285088439613
13200 26400 117.755387774277 718.51018947443 -2338.26736491858 -1572.65684970225 -17.7081288743307 1.17648270661933
13300 26600 119.460717569864 728.915631278009 -2307.84329181167 -1572.85043617483 48.3649921224241 1.17079359058634
13400 26800 118.662800288074 724.046964899682 -2289.77763133882 -1572.48287175835 -15.8316935925561 1.15729217149577
13500 27000 120.876982318786 737.557279633364 -2271.43359976738 -1572.17501224808 -2.3054584813405 1.15032109732727
13600 27200 120.538408285165 735.491396299737 -2281.72856543386 -1572.34345471626 -39.3853013853128 1.14991164008342
13700 27400 118.185669643065 721.135648172444 -2289.23097652076 -1572.30802463665 41.4575021843184 1.16176657619166
13800 27600 122.973883818888 750.351981622165 -2285.03573014908 -1572.23116709182 41.0351317697431 1.15808074162437
13900 27800 116.465959359619 710.642460684762 -2277.02754165484 -1572.14603486314 -43.380976963536 1.14525859011553
14000 28000 120.774652228412 736.93289026135 -2279.92207072853 -1572.17608918406 4.10130484253368 1.14993364085166
14100 28200 119.81646085677 731.086276556414 -2271.63580356381 -1572.22942018517 39.9600844803134 1.15124160907698
14200 28400 121.682430467782 742.471897240982 -2258.8674292858 -1572.17555842921 -25.7549848270393 1.13967785238086
14300 28600 120.627903078543 736.037468306821 -2270.1670447934 -1572.31660799236 -47.7782872007992 1.13982869906075
14400 28800 123.563778187304 753.951350809696 -2259.5502518058 -1572.35464208081 79.0700668026734 1.1496436108174
14500 29000 115.693788448849 705.930891406361 -2249.97689872298 -1572.31879478738 -12.0374464624411 1.13769164291931
14600 29200 122.328291739042 746.412760696645 -2250.5385459925 -1572.27306631366 -51.0695053066352 1.13181826125306
14700 29400 118.088486912323 720.542666538234 -2254.29221432693 -1572.18830366237 40.0919170251982 1.14302802358132
14800 29600 118.011499592033 720.072911606984 -2279.96214722833 -1572.21235286256 -20.5486887929811 1.14715851621716
14900 29800 120.217539295084 733.533544152015 -2289.24951191367 -1572.19748524046 44.5849009323856 1.15753175211881
15000 30000 121.799662647131 743.1872149601 -2289.50211137833 -1572.12998184308 -17.1078775986906 1.15202063312983
15100 30200 118.542119009024 723.310601746238 -2288.40026842965 -1572.20384454086 -45.0966394560015 1.15039516529196
15200 30400 123.615481542501 754.266830111675 -2292.24777451019 -1572.15713737158 35.6807709890815 1.15853936960746
15300 30600 119.109790887145 726.774375560898 -2303.87459490884 -1572.00123140557 -31.6610464630473 1.15650643109043
15400 30800 120.878711996206 737.567833637509 -2299.03479971221 -1571.91467031187 52.3743742426938 1.16263003078879
15500 31000 118.367027569471 722.242243127695 -2273.60815259005 -1571.65305184988 36.1767361351782 1.15168244860337
15600 31200 121.577696542706 741.832840347084 -2266.22669235873 -1571.32669238337 -39.5369068344631 1.1390988462705
15700 31400 116.787734764577 712.605843520611 -2270.59125084215 -1571.1812576545 1.40638513520277 1.1442717412393
15800 31600 122.283108545779 746.137065585227 -2277.18641323635 -1571.02322078108 27.2368978623256 1.14875909026199
15900 31800 119.928969938416 731.77277526445 -2271.72081261137 -1570.95476938519 -1.47170928332049 1.14447198406266
16000 32000 121.068382323991 738.725148523314 -2275.69503765455 -1570.73291593654 -32.6485684280545 1.1427453510974
16100 32200 117.213672413083 715.20479501079 -2269.72893908197 -1570.85268944723 31.3044049866999 1.15008774019395
16200 32400 121.471025580359 741.18196419767 -2280.76191095802 -1570.75661315631 20.7926180104399 1.15177201339509
16300 32600 117.975061540182 719.850576883841 -2271.42723679234 -1570.40766108484 -11.8948182556064 1.14664858582177
16400 32800 119.516493126348 729.255958004581 -2286.7545243859 -1570.4096552566 -25.4428039252502 1.1529437459927
16500 33000 119.587196057069 729.687367361798 -2297.4504568665 -1570.46247876958 106.452092648785 1.16979064736275
16600 33200 119.868999472187 731.406852380855 -2302.07138245206 -1570.41273503906 -46.458362864576 1.15485678978268
16700 33400 122.499042156196 747.454631619933 -2288.13519056903 -1570.08031430305 -17.5825733522892 1.15314721598664
16800 33600 122.355974607333 746.58167375716 -2310.39263102078 -1570.29586289545 -25.2606313768372 1.16132292604868
16900 33800 120.234051878145 733.634299280151 -2306.88361856977 -1570.07958669872 42.1114942227292 1.1675462257923
17000 34000 119.538046978872 729.387473538211 -2292.68168581844 -1570.04344392886 -4.78576908281308 1.15730868352317
17100 34200 122.910477620719 749.965094870557 -2295.97839122443 -1570.19331821606 -55.880335664828 1.15257835736104
17200 34400 119.248331689682 727.61971249335 -2313.8660975747 -1570.18398924743 33.3208437742231 1.16801705861485
17300 34600 121.222748834922 739.667049468261 -2317.9292685328 -1570.0788955471 39.9313181802956 1.16825744153238
17400 34800 120.24200017787 733.68279756502 -2294.89220550993 -1569.85101932929 -25.5495260051105 1.15262345078161
17500 35000 121.813687116008 743.272788316705 -2275.6445509671 -1569.86555082521 -8.35331176058762 1.14596906983363
17600 35200 119.844626477973 731.258135239148 -2276.7368242021 -1569.73905395702 -41.5504957028613 1.14574895477218
17700 35400 119.889309767873 731.530780081127 -2297.96645893957 -1569.7469527512 23.0753429055457 1.16034820119566
17800 35600 118.878107678718 725.360709917815 -2295.55706080538 -1569.54354915477 61.4613550791559 1.16424416557129
17900 35800 121.259824814961 739.893276649423 -2297.96973407922 -1569.66996080154 -57.0253356578197 1.15199971311141
18000 36000 121.18860331211 739.458703111216 -2294.502865974 -1569.39877369948 4.48634660158504 1.15670916498658
18100 36200 118.121207793609 720.742320134194 -2302.00087231762 -1569.41974744853 13.6024680533428 1.1596780864189
18200 36400 120.289416761053 733.972120192297 -2313.74826126675 -1569.55274055912 -8.8987139206095 1.16154456311607
18300 36600 124.413183376576 759.134181888768 -2289.28570960169 -1569.34028766619 72.9169580067389 1.16204183260381
18400 36800 116.777106836879 712.540994901042 -2269.19794519382 -1569.49892183387 -69.3221156631109 1.14095701761928
18500 37000 121.431665315375 740.941798953545 -2274.37832970891 -1569.19236835935 -37.5346311624856 1.14399085825193
18600 37200 119.188042137705 727.251842638453 -2288.69979239801 -1569.25350308213 45.8832915585449 1.159349550478
18700 37400 117.059316418984 714.262958236586 -2303.56677743425 -1569.51050943833 -19.5403968480844 1.16027387184093
18800 37600 123.66676385583 754.579740334835 -2316.17507057853 -1569.28727753591 6.10359709229245 1.16643947514722
18900 37800 118.010463049259 720.0665869151 -2304.06014099268 -1569.19098321574 35.9000655625308 1.16705268226343
19000 38000 120.598667010016 735.859078056199 -2312.05408392387 -1569.12700875443 -53.858578808342 1.16040691361872
19100 38200 119.362524866812 728.316487077406 -2317.33456941892 -1568.92687120099 34.2235731762489 1.17164438267744
19200 38400 117.447922294748 716.634121770614 -2331.66220225426 -1569.00334829878 6.96385567549338 1.17426890539234
19300 38600 120.372938915329 734.481748838842 -2304.4182496534 -1568.97446278878 32.4723332016865 1.16576588653708
19400 38800 120.253626607134 733.753738759743 -2275.81966480432 -1568.86472460535 -41.2652435835349 1.14768505227595
19500 39000 119.795128717211 730.956113852816 -2258.44248664371 -1568.79735713493 17.2315565218369 1.14661085095503
19600 39200 119.939312980132 731.835885590043 -2275.53638443697 -1568.63969520458 -12.0684524146598 1.1474245112759
19700 39400 122.710394118419 748.744241728589 -2265.06246542597 -1568.5870515032 12.2721685996403 1.14557022701876
19800 39600 117.375041290268 716.189422421158 -2275.18595717722 -1568.55837885266 -55.5166045579289 1.1440879407887
19900 39800 123.313940589404 752.426912198455 -2285.46806546551 -1568.31365694031 42.3769632764291 1.15794877052271
20000 40000 119.029893464639 726.286864006072 -2304.16142199456 -1568.27430176023 -22.8229980072053 1.15845688784626
20100 40200 120.910644712215 737.762678071075 -2307.05891698505 -1568.02114483998 3.78150351641936 1.16227401785306
20200 40400 115.916601356505 707.290432974038 -2296.72600775721 -1567.92314727656 20.3638375066369 1.16392786469009
20300 40600 120.194485105896 733.392873986896 -2291.40260698946 -1567.85132099576 37.9251076056867 1.16342064425319
20400 40800 115.486912958749 704.668595469004 -2299.48302647093 -1567.41819501636 -22.6862237230038 1.15905552961386
20500 41000 119.649583617177 730.068038671042 -2286.68658890504 -1567.21377091035 39.2723491568026 1.15912615923975
20600 41200 118.178908711114 721.094394871097 -2297.15720845994 -1567.30809019649 -25.2398409712438 1.15592384977491
20700 41400 121.897714625067 743.785500495706 -2298.36999115974 -1567.13917693826 30.6673822059262 1.16183385096868
20800 41600 115.831898446434 706.773599688408 -2299.60131764066 -1567.11114283935 -20.6379638654906 1.15862255759431
20900 41800 119.233723144004 727.53057526472 -2302.85245275204 -1567.01212456339 19.7321463984238 1.16320913643364
21000 42000 121.567100474 741.768186122103 -2302.10199714203 -1567.04115063037 17.6481222558194 1.16302440193234
21100 42200 116.114870127146 708.500213134867 -2308.43824116935 -1567.05426579766 -64.4835072096016 1.15841365166258
21200 42400 122.837892571758 749.522201358273 -2330.07896980428 -1567.05884729177 27.3212377921196 1.17499596923156
21300 42600 117.939634529895 719.634411251379 -2334.96162665783 -1566.95245357467 18.0101437274567 1.1778817660922
21400 42800 121.170275838216 739.346874030703 -2308.15677667787 -1566.98546218725 24.8967281568051 1.16802486000128
21500 43000 119.398288721859 728.534708041658 -2283.65992951962 -1566.76757330167 -35.6274621585491 1.1524421594028
21600 43200 119.056609544911 726.44987799856 -2268.59563160912 -1566.89777147239 40.7316432456765 1.15278441701248
21700 43400 118.560974043234 723.425649851116 -2274.34222937004 -1566.83742564927 -10.2043297208898 1.14925818388931
21800 43600 120.779890390666 736.96485205117 -2277.76270395475 -1566.6823673848 6.75248478053407 1.15125564417133
21900 43800 118.249168219394 721.523098589547 -2294.39837934159 -1566.71404643947 -3.18037381453178 1.15709291869415
22000 44000 125.637348609458 766.603693136202 -2293.42144553221 -1566.64712766802 38.5953414519734 1.16051820960648
22100 44200 118.420182312968 722.566578392038 -2284.87306788587 -1566.55253410953 -42.2350557804545 1.14940938630737
22200 44400 119.32101900564 728.063230010033 -2269.38814152759 -1566.45762548536 29.8539202684099 1.15044376893982
22300 44600 120.932573950046 737.896484100057 -2263.41265122013 -1566.29513026923 0.0971168765167233 1.14539422651047
22400 44800 118.664482135595 724.057227059261 -2245.04980733469 -1566.25056695829 -6.18236147196659 1.13824286241184
22500 45000 118.444160629904 722.712887324228 -2241.69152635684 -1566.08537338909 8.84260324247475 1.14014956898765
22600 45200 124.26704727154 758.242500561035 -2262.78249789231 -1565.89596331516 -27.9880717983845 1.14252337488013
22700 45400 120.401289924671 734.654738707747 -2279.32594403108 -1565.75039078606 -10.1361240633256 1.14993798739244
22800 45600 118.788076856019 724.81136721088 -2286.16708722473 -1565.2055309755 20.8487105109426 1.15539229369872
22900 45800 117.359370701988 716.093804907878 -2303.96958166516 -1565.26970566396 -23.5824979546041 1.15822113555117
23000 46000 122.271843793431 746.068331241117 -2309.17360460607 -1565.15301545445 65.4584999788037 1.16770833780705
23100 46200 115.833951597413 706.786127437046 -2302.16129958689 -1565.14279281096 -12.5454113937899 1.15779610523958
23200 46400 120.320882981632 734.164118202224 -2301.08898502437 -1565.27305451943 -22.5388277401534 1.15464882450958
23300 46600 118.32531447631 721.987721589127 -2290.3396885594 -1565.18433417896 50.8952274710734 1.16041914818728
23400 46800 121.377278983525 740.609948884169 -2294.63663016325 -1565.1124707901 -20.1691752547223 1.15530596758509
23500 47000 119.92703240916 731.760953006977 -2298.30533819274 -1565.0975944765 -10.827920776365 1.15608068605476
23600 47200 120.924879061022 737.849532055866 -2308.96722240507 -1565.08076632216 -8.04987263614737 1.15930824486969
23700 47400 120.590512600444 735.809322147131 -2300.09801210339 -1565.12091533528 32.4245299624144 1.1596086697353
23800 47600 119.149791088328 727.018445515355 -2298.43207548764 -1565.10758182824 -37.2410649995559 1.15166837969181
23900 47800 120.262490280701 733.807822397819 -2291.29614227372 -1565.15376293403 29.0234743267527 1.15685963760103
24000 48000 115.943543419151 707.454825847286 -2314.48074737811 -1565.04001525621 -30.1763914830066 1.16129014667743
24100 48200 120.312320049024 734.111869600722 -2314.35914484613 -1565.31450254763 58.7985351477921 1.17104204232806
24200 48400 117.678066993346 718.038399860318 -2292.23006433907 -1565.33326877089 15.8862247362088 1.15922549005942
24300 48600 120.831816616419 737.281691246466 -2271.8638695076 -1565.36037260992 -55.7758017793829 1.14429884979593
24400 48800 122.348610825298 746.536742034498 -2290.5229015231 -1565.57202623732 -26.3936171682872 1.15181879884629
24500 49000 118.397036211984 722.425347407042 -2304.08487857041 -1565.57389510241 52.3203005786711 1.16664641567037
24600 49200 122.261345892276 746.004276006869 -2321.73251227138 -1565.42962895411 -27.7705303650474 1.16472619294647
24700 49400 118.594893297582 723.632615581768 -2321.9353869642 -1565.69687259484 -9.72965080953613 1.16850827212528
24800 49600 120.662452148415 736.248276994299 -2320.81575664961 -1565.6345669336 56.8434177468209 1.17551146214089
24900 49800 116.669996098406 711.887435361649 -2333.44145385987 -1565.74066604302 -90.5062406030952 1.16528088178239
25000 50000 124.747055906446 761.171377971521 -2358.17157632204 -1565.70243691673 5.19318521749862 1.18283840095866
25100 50200 119.562797122305 729.538491938164 -2362.37597630576 -1565.81554283095 106.989810141341 1.19587603626573
25200 50400 119.134112620447 726.922779922972 -2338.74804058955 -1565.51784259951 -48.722517684078 1.17258349975396
25300 50600 119.950694864974 731.905334643621 -2323.49592043306 -1565.43897797078 -16.719391989295 1.16893425450615
25400 50800 116.795954886798 712.656000389745 -2329.31618031903 -1565.50450165286 28.9056267690634 1.17541567261545
25500 51000 123.084823077192 751.028901710585 -2348.02807639168 -1565.41492236318 -20.5294757753872 1.17706749499364
25600 51200 118.223784690089 721.368215447507 -2349.94981633463 -1565.34000949777 14.2999528827887 1.18190010971796
25700 51400 118.496610241811 723.032920074332 -2334.20582737576 -1565.23018574187 36.1950358915538 1.17797150778494
25800 51600 121.119179275579 739.035097205916 -2321.55077697772 -1565.22539578958 -48.6338594007445 1.16496288245688
25900 51800 121.89693537986 743.780745761066 -2310.57985054245 -1565.04942411563 0.0349397306627874 1.16532986128229
26000 52000 118.482929516081 722.949444141534 -2285.92497400915 -1565.05376983226 56.6909401843713 1.1622364711836
26100 52200 119.857950071402 731.33943205129 -2285.49888248128 -1564.67405717775 -74.6498300181009 1.14667577208293
26200 52400 122.427026893538 747.015214783082 -2271.95823861773 -1564.5807691966 18.0674555168474 1.15043718054796
26300 52600 118.465041343279 722.840295552477 -2274.08878516098 -1564.58326566475 2.8170657351739 1.15172152559498
26400 52800 120.594014460442 735.83068950992 -2285.78788586427 -1564.50573024816 -5.74203488114303 1.15575947312992
26500 53000 118.054788273849 720.337046943478 -2294.55122002602 -1564.35540478056 11.634444603571 1.16035140121445
26600 53200 124.396687738722 759.03353015551 -2299.56492127552 -1564.32092829851 -27.6644528475096 1.15638186491447
26700 53400 119.627685441966 729.934422177416 -2292.70749725082 -1564.25053695773 -29.9544024347168 1.15495331070641
26800 53600 114.668399580896 699.674257517044 -2292.71517183192 -1564.1185764653 36.7085156568956 1.16332676308406
26900 53800 121.660758425443 742.339660546407 -2301.40032973673 -1564.23032789398 36.6933984852418 1.16488810659178
27000 54000 119.54598873228 729.435931879304 -2296.39359211878 -1564.10363146791 -40.784629860036 1.15499331377632
27100 54200 117.836241147722 719.003533972473 -2308.66492545712 -1564.04196809722 -30.582985606955 1.15961789881353
27200 54400 122.053751107705 744.73759113737 -2312.36657396964 -1564.06149010783 68.1879802824953 1.17234114234156
27300 54600 118.182856402431 721.118482570943 -2326.5788273987 -1563.82272559308 -67.7587168116837 1.16686905271947
27400 54800 120.814590590769 737.176582892719 -2323.51696686008 -1563.82621815693 54.3996248928114 1.17606597645313
27500 55000 121.005794450733 738.343254959686 -2316.51021857665 -1563.565990362 -22.4836559648382 1.16594108473209
27600 55200 122.115395709783 745.113729126096 -2304.39940716797 -1563.11552379831 -25.1870253762361 1.1611633387598
27700 55400 120.500051049241 735.257351256259 -2308.1221958307 -1563.23106392251 2.65344953168233 1.16271986584337
27800 55600 117.951404406527 719.70622772151 -2291.52814664148 -1563.02986217723 36.7063403385271 1.15872456413106
27900 55800 119.932564969092 731.794711128458 -2280.52405997411 -1562.92501129487 -22.079875086747 1.14697946272226
28000 56000 121.342634560352 740.398558377724 -2265.78667057286 -1562.80883495447 14.8965632453629 1.14543855401631
28100 56200 123.036321755424 750.732960314171 -2259.59461567392 -1562.87856859812 -17.557495235185 1.13975814786724
28200 56400 116.827937387365 712.851148594654 -2256.7971754379 -1562.73190363362 -10.6342547356765 1.1419621587124
28300 56600 119.916644540712 731.697569161301 -2271.20786985998 -1562.79097547831 72.9875838658289 1.15490454404132
28400 56800 118.489864981818 722.991762398858 -2266.5864016455 -1562.6068896324 -3.01821026013559 1.14499598377077
28500 57000 118.794796122613 724.852366281963 -2265.8697614109 -1562.42574347223 -22.7014957446663 1.14231044595799
28600 57200 120.220622617789 733.552357718197 -2282.33203427096 -1562.38862591646 33.7523653618531 1.15249756150606
28700 57400 120.017309608009 732.311799031743 -2293.74303422785 -1562.29291120993 -29.5967398958737 1.15110421251687
28800 57600 119.652367477356 730.085025001285 -2288.36777420711 -1562.12994719628 22.7833003562354 1.15658399359375
28900 57800 120.389301712542 734.581590015945 -2294.56178231555 -1562.17669916887 -11.4950179162536 1.15707249946711
29000 58000 119.577129646451 729.6259449612 -2287.85208190547 -1561.98430727134 28.1007627681407 1.15892840927578
29100 58200 120.358184842489 734.391723644473 -2288.80958595435 -1562.04465941341 -0.649619918108005 1.15484395649848
29200 58400 124.114699508344 757.312917445824 -2273.67150044593 -1562.02753729324 -11.531675487283 1.14726010202547
29300 58600 118.506632781704 723.09407478813 -2270.04096238825 -1561.92985316733 -31.0959217031557 1.14351184049027
29400 58800 119.833053845232 731.187522295651 -2262.75060267689 -1561.99139628866 22.5716478256045 1.14715996420878
29500 59000 117.718902770899 718.287568266299 -2268.84061290061 -1562.26327753229 24.8741515802988 1.14896361961045
29600 59200 124.172052084704 757.662866703231 -2265.04635000504 -1562.13386711544 23.7589901196238 1.14555582192178
29700 59400 119.764908059143 730.771715914299 -2240.78384621612 -1561.99811843859 -47.4054131854214 1.13097998829328
29800 59600 117.645530072167 717.839868737087 -2257.84470619066 -1562.01336703977 -8.53571778931366 1.13913050771548
29900 59800 122.327165051969 746.405885969654 -2286.88094333901 -1561.96203109096 53.8970194307615 1.15487709538064
30000 60000 119.730143402151 730.559591774978 -2300.5820516895 -1561.65505539904 -57.5307800957882 1.1505184529815
30100 60200 120.388183444035 734.574766656673 -2293.79892340024 -1561.27218195444 24.1179641504908 1.15829912441229
30200 60400 119.575260918463 729.614542509677 -2286.18936542506 -1561.39269417152 18.8280881084126 1.15568180342723
30300 60600 123.342173970412 752.599184332417 -2263.52463838516 -1561.46156460366 -3.90941680875031 1.14576377329233
30400 60800 118.825560520552 725.040081967925 -2273.3629040121 -1561.2190417747 -59.091844696111 1.1441870678858
30500 61000 121.029951595999 738.490655051946 -2276.17842361658 -1561.02954996051 61.9970127452361 1.15740293359454
30600 61200 116.077944447809 708.274903046227 -2293.60125806358 -1560.87737414886 -23.0184713146352 1.15452148408154
30700 61400 121.244108590397 739.797380676405 -2283.90529764837 -1560.90338693599 31.6509975816135 1.15555698679192
30800 61600 121.330916743877 740.327059563999 -2273.73632057903 -1560.7628384655 -27.5260358328803 1.14625261184905
30900 61800 117.965347280935 719.791303211661 -2277.92999769765 -1560.67480257227 -37.3461823735677 1.14488234909103
31000 62000 124.037337451541 756.840875977977 -2274.67609235444 -1560.72979832648 49.5716591400411 1.15100979289118
31100 62200 119.465918101399 728.947363455786 -2272.13280954829 -1560.61121552062 -47.3961122479362 1.14155188648335
31200 62400 121.302494613867 740.153635736819 -2258.86859574159 -1560.43286430115 1.15747212484119 1.14195884459993
31300 62600 121.713951015713 742.664226741095 -2261.84584817531 -1560.53771884342 -23.8805403359133 1.1398379654173
31400 62800 119.281183705752 727.820166236804 -2261.67561674197 -1560.65242794779 2.66048474124169 1.1418241069117
31500 63000 121.392552251771 740.703142062578 -2262.41176632242 -1560.47024326762 -6.79271893032771 1.1416608344855
31600 63200 118.249112404603 721.522758023426 -2252.09880861326 -1560.43803121061 -5.92646214381441 1.13943855422635
31700 63400 124.29117973662 758.389750061753 -2255.83243011848 -1560.46193668704 2.16652671156141 1.13942748174437
31800 63600 119.153205969518 727.039282157968 -2261.1569990376 -1560.50160243892 -32.61225525777 1.13848278247122
31900 63800 121.935628093688 744.016837796167 -2264.15012410545 -1560.77821907327 25.342927960082 1.14601045513801
32000 64000 116.104626214997 708.437707669948 -2265.63868399558 -1560.9267311253 14.8389728613021 1.14721800812203
32100 64200 121.886565591261 743.717472233525 -2264.74505562997 -1561.11177666288 -21.9288718058805 1.14212250006575
32200 64400 119.087471022161 726.638186035124 -2265.24592770906 -1561.32090486843 -9.64320429786548 1.14375376898503
32300 64600 116.490102050163 710.789772578388 -2278.10222998295 -1561.71412571761 11.4541435459245 1.15196546740266
32400 64800 121.464258101179 741.140670946972 -2275.42833905566 -1561.87445057507 61.3046774735707 1.15619718964359
32500 65000 115.785384422652 706.489784224229 -2274.83332772667 -1561.76411678751 -61.7507452467627 1.14333879924157
32600 65200 121.339203339364 740.377622034266 -2269.20789587034 -1561.83786678347 48.8965096275165 1.15166781786011
32700 65400 122.049547933258 744.711944551462 -2292.51432540055 -1561.94190667175 -18.1479404540085 1.15333110486483
32800 65600 120.055181096326 732.542880180225 -2277.04258013708 -1562.08706382941 -17.9617506285233 1.14853043887291
32900 65800 121.043634766689 738.574145903204 -2269.05820911425 -1562.19232688349 -0.532058765392689 1.14743404471965
33000 66000 114.695394291178 699.838971631327 -2264.56773309573 -1562.18295257396 5.26822027628287 1.14665979278772
33100 66200 122.5528051578 747.782678303819 -2278.33617263295 -1562.33659342864 -3.92732062594576 1.14862860149651
33200 66400 118.955942637887 725.835636902621 -2281.7803840199 -1562.23224209636 24.9213038405338 1.15326583045262
33300 66600 121.41793246999 740.858005001301 -2291.77540660649 -1562.41397377105 -30.1175910222184 1.15061258806993
33400 66800 116.806162271027 712.718282971588 -2295.98041723772 -1562.57349836401 -23.0606480974735 1.15497984650389
33500 67000 122.104244465065 745.045687373555 -2303.86705754026 -1562.4775373569 47.6618431578203 1.16610485746143
33600 67200 117.697978805749 718.159896127905 -2298.48012901515 -1562.45432932941 9.34827169630818 1.16145669642682
33700 67400 122.068961680993 744.830401768811 -2302.27418124995 -1562.75133127563 -60.4634324122703 1.15432064926658
33800 67600 120.743527231046 736.74297429931 -2305.76242084027 -1563.04508695396 29.0955699482445 1.16485109871948
33900 67800 117.729041215386 718.34943019726 -2306.28464542993 -1563.10882332387 28.8074259510858 1.1665269978583
34000 68000 122.026493457049 744.571272635022 -2289.5363644015 -1562.96729636968 -26.6947039050512 1.15498077529793
34100 68200 117.749702091688 718.475497041649 -2290.07052691664 -1563.00282316306 -33.77913733029 1.15540956128209
34200 68400 121.652186997015 742.287360105806 -2293.21331765686 -1563.12041375813 115.275250975492 1.17150854229529
34300 68600 117.38978441236 716.279380797146 -2308.53058772621 -1563.23559358981 -41.7985782237068 1.1621716491651
34400 68800 119.775005477346 730.833327514445 -2291.34238532886 -1563.25105620797 31.7871587517278 1.16312880759541
34500 69000 121.818854957296 743.3043210278 -2300.1529898441 -1563.24833321401 -16.366660886846 1.15885990506874
34600 69200 116.6137791044 711.544415107726 -2267.98683791129 -1563.25404345707 27.117519172375 1.15246783862862
34700 69400 120.95616575999 738.040434675508 -2269.10971591031 -1563.23150307259 -39.7451895526102 1.14426083869491
34800 69600 115.941769836043 707.444003943003 -2259.3766465884 -1563.39276755731 28.9473984311598 1.14966250880524
34900 69800 124.344810920507 758.716992431084 -2286.10475535486 -1563.43224944659 -2.50147928030748 1.15402684917905
35000 70000 119.32459905498 728.085074462148 -2292.04169400734 -1563.44381286982 10.0816939665105 1.15854930976653
35100 70200 119.591131153883 729.71137821354 -2301.39765235815 -1563.4841263302 0.693769198466433 1.16139636708641
35200 70400 117.621634492881 717.694064646722 -2315.51763326606 -1563.50742196047 6.43901971389315 1.16639054252703
35300 70600 123.162972837751 751.505749524754 -2310.5164554907 -1563.62752638608 16.7908639201237 1.16420378199444
35400 70800 118.141339882193 720.865160464955 -2293.86316281118 -1563.64938694314 -43.0381725791026 1.15313592272195
35500 71000 119.851484888871 731.299983329554 -2283.53673062803 -1563.49918488624 36.17368168653 1.15647482990012
35600 71200 118.965598498513 725.894554242872 -2286.03613541103 -1563.60812524685 7.67460147413618 1.15469531030326
35700 71400 123.636435092953 754.394682771242 -2283.97484713641 -1563.69644858473 -11.8101560515597 1.15220029939358
35800 71600 117.775288472794 718.631617928213 -2264.12731534387 -1563.82170527253 6.03224887097181 1.15103345584329
35900 71800 120.865560043918 737.487584131233 -2288.09027643866 -1563.83477691701 -33.8052743758373 1.15340490006825
36000 72000 120.387119432896 734.568274360569 -2285.99750901024 -1563.96132224568 67.6648027633969 1.16254380287198
36100 72200 119.300754165703 727.939579667932 -2289.04771756272 -1563.93529875407 -48.9377334746956 1.15167165871782
36200 72400 117.990642147861 719.945645360847 -2280.00435584442 -1563.8002542683 44.8391771828132 1.1592637442402
36300 72600 123.70472407453 754.811362891099 -2303.33232538508 -1563.6811566662 -18.0449995291593 1.15820925826579
36400 72800 117.460639422945 716.711718102833 -2293.56985570786 -1563.66806401622 17.8680356026889 1.15907733951549
36500 73000 120.716470010986 736.577878767975 -2301.01120282784 -1563.88499683659 12.2663870268622 1.16126366581898
36600 73200 117.460130531529 716.708612990832 -2301.97768624188 -1563.7791227429 7.27056378339239 1.16315698200919
36700 73400 122.012540125658 744.486133339309 -2305.00645589279 -1563.97526994773 22.1769630480584 1.16566251129802
36800 73600 118.309324988954 721.890158243559 -2293.84440380933 -1564.06315810445 7.10074695641481 1.1596051840899
36900 73800 121.407246428828 740.792801789756 -2282.69869510113 -1564.19150429125 -13.0688415289402 1.15103878689462
37000 74000 116.545514040267 711.12788092537 -2290.35734218624 -1564.12545707943 -54.2028311682396 1.14978043839194
37100 74200 122.246853069431 745.915844886348 -2286.04624724588 -1564.30668723511 92.6377596795511 1.16324353192722
37200 74400 121.41170479301 740.820005471502 -2301.76147433007 -1564.42469429039 -77.9168836018292 1.15166778196275
37300 74600 121.112196100731 738.992487841049 -2301.82106568157 -1564.49555232395 -28.3760234099806 1.15729518274333
37400 74800 117.112587556488 714.588003704355 -2313.20578574345 -1564.68607642591 77.2999580733174 1.1721258159332
37500 75000 120.934468619049 737.908044836343 -2332.23884485806 -1564.50854913519 -74.1544604771117 1.16454446757354
37600 75200 120.203640273162 733.448736237373 -2340.19573607365 -1564.51080905438 35.1532432118352 1.17928302444921
37700 75400 118.864155523877 725.275577801075 -2355.07191766163 -1564.51101622335 14.739171656141 1.18146264666228
37800 75600 119.191281717506 727.271609641393 -2343.3782508672 -1564.44686391429 -12.3273626736503 1.17369740878144
37900 75800 121.175696923749 739.379951966816 -2322.75094903902 -1564.36846914073 -2.07894450829724 1.16791776277413
38000 76000 116.155497204643 708.748108111918 -2317.36062065598 -1564.04167755351 -20.5988234420065 1.16539991381905
38100 76200 121.113226222242 738.99877335219 -2311.74586932204 -1563.82505723969 50.464727680259 1.16907067354668
38200 76400 117.204567995414 715.149242420046 -2314.55512141656 -1563.58729815158 -20.6465306571272 1.16424313635846
38300 76600 121.105136279536 738.949410801766 -2314.67280107334 -1563.64225923584 33.1384916423087 1.16818859624704
38400 76800 120.571877996622 735.695619046355 -2315.42585473155 -1563.46662833119 -29.6358541941904 1.16136293376195
38500 77000 118.730919903206 724.462611593223 -2310.56926079769 -1563.57631077151 -8.73238276825548 1.16096329648152
38600 77200 120.625177506639 736.020837635205 -2298.32873410748 -1563.42637092059 33.2290764153992 1.1614708849033
38700 77400 119.186768372039 727.244070479339 -2293.50153276494 -1563.29923794186 -39.9919090831784 1.15392360591098
38800 77600 122.674196481464 748.523373949384 -2292.40679524689 -1563.17776155946 7.08640936940204 1.15912599291342
38900 77800 119.121381027534 726.845095331131 -2313.03253130118 -1563.07606767478 -20.3553294928779 1.16514403857045
39000 78000 121.554373083433 741.690527171792 -2315.62831578484 -1563.06510722227 29.7710510751792 1.17098783102539
39100 78200 115.001112159252 701.704375902566 -2320.01349703856 -1563.02593973791 -50.988402597515 1.16607286082536
39200 78400 121.039451872172 738.548623059718 -2319.1919642066 -1563.05296105883 41.9696947131188 1.17442320829374
39300 78600 119.588145747958 729.693162107955 -2328.12841970623 -1562.9320361514 -1.87461984182758 1.17138317693201
39400 78800 121.776065226906 743.04323015229 -2324.7469622603 -1562.88423215783 -11.4843654744201 1.16679109139324
39500 79000 118.886097199333 725.40945972094 -2298.53473457042 -1562.59720917348 20.9474933913208 1.1619829210535
39600 79200 121.629461059493 742.148692839844 -2290.05854145299 -1562.54955009161 -43.3221158545341 1.15266031063393
39700 79400 120.770897410144 736.909979418492 -2282.17374795815 -1562.69363550624 7.67507497156957 1.1559198395692
39800 79600 120.222914145376 733.566339973716 -2304.76897297034 -1562.64036955336 -2.87353259433915 1.16304622306056
39900 79800 120.587196618264 735.789088958406 -2331.91383410606 -1562.60974187879 -2.64494825382874 1.17415899440078
40000 80000 118.769732104937 724.699432709832 -2349.24750913463 -1562.76005730521 38.7760800372126 1.18436489437895
40100 80200 118.315571265078 721.928271260101 -2331.12729893848 -1562.16877784477 62.7291120408323 1.17886132376707
40200 80400 117.676615291838 718.029541986851 -2303.95350849324 -1561.97896599374 -18.1947910843147 1.16096777439487
40300 80600 121.699013000816 742.573079184141 -2308.04506053649 -1561.62271918738 -35.0610177011122 1.15973420544309
40400 80800 118.684599034518 724.17997470699 -2318.71638436959 -1561.46774241558 13.3400770434778 1.16827723150931
40500 81000 115.871020200463 707.012309605896 -2319.32633543458 -1561.16454268098 1.81522379138175 1.16929180546136
40600 81200 121.04728164197 738.596398108375 -2333.79134315123 -1561.20426065823 -11.8240458844176 1.1714264365313
40700 81400 117.368937690024 716.152179972635 -2339.42578159356 -1561.24082438008 47.7426531052487 1.17920430828381
40800 81600 121.598066751848 741.957133622377 -2324.56125706819 -1561.21420260832 12.4648606399762 1.17133003900945
40900 81800 118.796415172871 724.862245270341 -2302.57133924978 -1561.05408869159 -21.3826935933209 1.16054582595117
41000 82000 120.065560511821 732.606212448368 -2279.94125805245 -1561.06923093811 27.6969407460514 1.15539617809834
41100 82200 121.626559165499 742.130986300529 -2274.48396559479 -1561.01233944915 -60.4129516330405 1.14206854979167
41200 82400 121.244306571737 739.798588702744 -2258.30918634193 -1560.8580377971 -9.42488591512529 1.14237125092902
41300 82600 118.978569599299 725.973700244249 -2264.62299239822 -1560.89852191777 4.76696512362263 1.1462194714817
41400 82800 120.264749178582 733.821605556068 -2266.73352449461 -1560.81635865969 8.13608382176237 1.14652003747649
41500 83000 120.901730303203 737.708284859614 -2273.182233365 -1560.74550870242 -34.3525545222274 1.14538399481215
41600 83200 119.999638961509 732.203977726878 -2293.02269027026 -1560.68840933835 3.48286393174 1.15817601838349
41700 83400 119.041715589975 726.358999283069 -2312.36302727655 -1560.68178670011 36.4642273412114 1.1694619458421
41800 83600 120.392764831122 734.602720989515 -2326.42199379903 -1560.50527384338 -48.2357540507769 1.16742094246991
41900 83800 120.240592506895 733.674208353452 -2317.99262888615 -1560.19710443719 41.2413887871232 1.1751008802802
42000 84000 119.058181943964 726.459472334438 -2320.88313202084 -1560.28599107244 -8.41505529070914 1.17041901651859
42100 84200 119.769991788928 730.802735400711 -2315.6854524592 -1560.16328651637 -3.71939019287366 1.16895405735434
42200 84400 123.350961921102 752.652805930838 -2320.53260819518 -1560.13653930793 -22.5871701638138 1.16679681293103
42300 84600 118.723343321979 724.416381429868 -2312.28340819638 -1560.13836576222 -10.985174531622 1.16773409676221
42400 84800 118.823165341935 725.025467263034 -2305.71151942456 -1559.95508909525 67.2523499013023 1.17356262403259
42500 85000 119.447886085049 728.837337173939 -2315.18629184741 -1559.86402753851 -25.7746597906343 1.16679362692131
42600 85200 119.551988118724 729.472538444592 -2313.25620390034 -1559.56446117735 8.90235307972731 1.17093101293114
42700 85400 120.558343269141 735.613033953726 -2320.50434027137 -1559.37911830426 23.8624108431841 1.17598444460688
42800 85600 119.177895694156 727.189931899464 -2327.0658885536 -1559.60920584123 10.9529287555455 1.17411148337574
42900 85800 123.594422351134 754.138332861013 -2315.96952766951 -1559.3805976472 -2.68112920836839 1.16644123372063
43000 86000 120.793936920886 737.050560019869 -2318.14393420282 -1559.29084596773 -67.4342203235522 1.16243450454534
43100 86200 118.247050397112 721.510176234843 -2319.57414196165 -1559.15158387429 73.2091314657228 1.17749058481767
43200 86400 120.232377675818 733.624083769385 -2323.00052508706 -1558.75373712622 6.38583767124308 1.17240173552768
43300 86600 115.506088118664 704.785596890713 -2311.29231360837 -1558.62691821586 -19.0535127491083 1.16770601805434
43400 86800 123.926614705598 756.165276986964 -2315.55232351203 -1558.50254075999 -10.576875172501 1.16891691880795
43500 87000 117.38934174556 716.276679769088 -2313.45665522544 -1558.31397602301 19.7703038302127 1.1711286452383
43600 87200 122.692590476219 748.635608921439 -2330.17662768414 -1558.22634145616 -15.1407720570889 1.17085593167312
43700 87400 118.4153163219 722.536887485912 -2334.99543754217 -1558.37798385574 -22.0514089989889 1.17374930009203
43800 87600 122.286200406983 746.155931250921 -2341.83759674475 -1558.29727644769 28.8908778606393 1.18100546541272
43900 87800 116.542841342764 711.111572878445 -2337.49741050972 -1558.23566554083 -36.6372456955958 1.17505239833549
44000 88000 122.340226151322 746.485581116928 -2330.94839350422 -1558.26403781449 5.17578437293173 1.17717221898356
44100 88200 119.172134848176 727.154780840862 -2338.78741996327 -1558.26438121886 5.77400694307592 1.17944720497785
44200 88400 122.003043779585 744.428189311908 -2350.86545036001 -1558.31594763609 -53.9217046380571 1.17661383272636
44300 88600 120.127833788875 732.98618643462 -2349.15730451554 -1558.45445814986 26.9652419121146 1.18522947472334
44400 88800 117.43339992913 716.54551038842 -2358.41245041892 -1558.51913205472 49.3749509661007 1.18980114767632
44500 89000 119.588855231946 729.697491179297 -2339.60203452455 -1558.55862798982 0.521160765666587 1.17809449040675
44600 89200 120.072667703864 732.649578531208 -2310.58114465778 -1558.58879331106 -51.3863192906704 1.16291843599319
44700 89400 120.655299699114 736.204634764421 -2291.51691971331 -1558.70113773537 30.9801165239629 1.16277292682965
44800 89600 120.645370578574 736.144050069183 -2267.6650931733 -1558.79004699005 12.9457933357024 1.15136216447539
44900 89800 118.88352407032 725.39375921288 -2260.87838815061 -1558.84898604517 -56.9542479787755 1.14008751785022
45000 90000 121.054295019566 738.639191761903 -2261.18931099564 -1558.86849606893 61.0552780174391 1.14969133086963
45100 90200 122.255650033922 745.969521484446 -2265.31452902515 -1558.67944492013 -38.8714307132209 1.14087436935746
45200 90400 119.323759970698 728.07995460634 -2269.1990530892 -1558.74974871455 -47.1914808185934 1.14285833058359
45300 90600 121.507435375815 741.404126508251 -2291.71998840082 -1558.55785290269 44.1716596330208 1.16065527984248
45400 90800 118.144473912785 720.88428343637 -2299.04458464107 -1558.30517969484 2.87961459161321 1.16029226252371
45500 91000 122.530422742343 747.646107112683 -2293.40358282805 -1558.23570757897 -15.7756574546149 1.15680199874664
45600 91200 118.452575578282 722.764232967664 -2292.82982288126 -1558.09453517455 24.5748906117758 1.16048849937479
45700 91400 121.223731412592 739.673044880286 -2292.45045317848 -1558.15994444821 25.465176999081 1.15813610131517
45800 91600 122.911447898068 749.971015229489 -2269.67737942786 -1557.90454097613 -13.2199522373601 1.1466121260165
45900 91800 118.35728457797 722.182794139398 -2280.89789298774 -1558.02465453001 -74.6239158585892 1.14577333401448
46000 92000 126.136945805843 769.65209442824 -2294.80608742785 -1557.58340553719 71.3453903836751 1.16427799623103
46100 92200 119.985545095797 732.117980930342 -2298.22234836781 -1557.57907637006 -38.3114332584363 1.15554571280847
46200 92400 120.121119354613 732.945216849068 -2297.7961418044 -1557.46888404866 -32.6809926897024 1.15693585717471
46300 92600 118.061650341046 720.37891734359 -2300.13373375491 -1557.31565478665 79.8687406550202 1.16920016973628
46400 92800 120.634861670762 736.079927675414 -2303.57313103495 -1557.11612799125 -24.0602188839396 1.15816100036082
46500 93000 118.328375291245 722.006397819241 -2270.89172474222 -1557.02891533278 18.735203804405 1.15005952707594
46600 93200 121.699856558181 742.578226333443 -2276.70842114725 -1557.06875943368 -58.5216294429622 1.1427492309469
46700 93400 117.883133376608 719.289657137608 -2305.53531897887 -1556.94584057292 -23.3703963343741 1.15782322155367
46800 93600 120.103160891061 732.835639365662 -2309.18027468372 -1556.69957172247 96.6283860598416 1.17268441797407
46900 93800 113.68694024582 693.685669256791 -2300.40629764522 -1556.41233704123 2.51940203447078 1.16064891353191
47000 94000 119.033941056963 726.311561273712 -2291.57405390492 -1556.28302764743 -20.2867543455568 1.15457077665693
47100 94200 120.309722576346 734.096020554477 -2289.27781152948 -1556.20958687685 21.1224198792764 1.15957139204046
47200 94400 117.101807298165 714.522225606238 -2291.57915588526 -1556.20821760142 4.5768024172986 1.1609881097215
47300 94600 120.621982133833 736.001340370885 -2281.54656906684 -1556.22932740552 23.07433602707 1.15956538382657
47400 94800 117.956825879065 719.739308019017 -2286.16972668346 -1556.42897211371 0.344596418011307 1.15705764248956
47500 95000 126.673436183878 772.925607517185 -2298.7073883658 -1556.2467657495 11.1805805274608 1.15855194555852
47600 95200 118.503808841684 723.076843901995 -2295.68382515306 -1556.31450451993 2.06052737933407 1.15713809827345
47700 95400 122.380264565678 746.729884237399 -2297.25764470309 -1556.30313927415 -11.3160944453756 1.15477998451572
47800 95600 119.797637567074 730.971422147612 -2281.50211918566 -1556.26311044466 -5.87610049529454 1.15035770696315
47900 95800 120.59654297206 735.846117775206 -2263.54794650385 -1556.5436289681 -1.36107851555496 1.14454739685873
48000 96000 117.78067306184 718.664473173045 -2271.82122308375 -1556.66628086683 -15.591248717298 1.1462474346494
48100 96200 124.314165920961 758.530005280459 -2296.65299896717 -1556.4393813769 -17.7655560564351 1.15355920956593
48200 96400 119.226661260814 727.487485643726 -2293.57623234628 -1556.7247494747 37.1186029026318 1.16078439272285
48300 96600 119.069684613688 726.529658383324 -2297.6389545762 -1557.14663966464 -5.86910309103886 1.15764735242183
48400 96800 123.528790439882 753.737865435445 -2302.56911929637 -1557.12873914192 -61.4042207189907 1.15392893723103
48500 97000 120.100127221807 732.817128770848 -2297.50099157842 -1557.31429695716 15.4765913896418 1.16286310432266
48600 97200 118.384578199447 722.349332125557 -2322.34527459456 -1557.58677199964 -29.8839310660992 1.16963513316708
48700 97400 121.427966108044 740.919227432953 -2326.54925900168 -1557.56985692223 95.1852802963098 1.1839824365564
48800 97600 116.356684868628 709.975698537308 -2316.74996201646 -1557.68077071736 -23.8761073750493 1.17102116320294
48900 97800 119.077665366137 726.578354685571 -2298.18744085633 -1557.65391101354 32.8618005224776 1.16603359917672
49000 98000 119.691574638833 730.324256050951 -2294.50308879442 -1557.71791235722 0.823993886737235 1.16030619834667
49100 98200 124.043924844587 756.881070393831 -2286.38328614375 -1557.6425699869 1.23673923973918 1.15519859311476
49200 98400 119.763855709833 730.765294775394 -2286.59575597285 -1557.68046550311 -48.7207062096852 1.15054560634988
49300 98600 119.40891141187 728.599524702337 -2278.34652776217 -1557.71970083505 29.9556204614222 1.15748103860952
49400 98800 121.652052289395 742.286538157871 -2291.53429082231 -1557.7981663226 17.9009813247962 1.15852725991415
49500 99000 119.042167535092 726.361756924805 -2277.7348980886 -1557.77406262036 -30.7858400337577 1.14882016862407
49600 99200 121.115604658625 739.013285900688 -2269.42543918277 -1557.8597795311 13.2673092835726 1.14993699184234
49700 99400 118.627979136671 723.834496047385 -2295.7432635795 -1558.04090641106 -24.3103911135071 1.15521436695727
49800 99600 122.950607224261 750.209954401742 -2293.15422320731 -1558.02319295689 65.2212004514226 1.16307089497377
49900 99800 116.394438052829 710.206057827412 -2296.43451358755 -1558.0318601939 -62.9112752600275 1.15262520334074
50000 100000 121.030200124698 738.492171504028 -2289.33230208976 -1558.12722907942 39.7728753304126 1.15967555641348
