# Fix print output for fix energy_file
0 0 120 732.206180682001 -2199.28195276181 -1467.07577207981 73.3989268380995
100 200 123.826748494772 755.555921513563 -2189.39081550722 -1467.11199328072 128.680761106989
200 400 118.751180685373 724.586237175956 -2181.95828168396 -1467.27756472941 148.310291557979
300 600 122.070460495315 744.839547111399 -2191.46865108925 -1467.26377822219 127.263907629634
400 800 115.022591307123 701.835435609457 -2176.09097222366 -1467.25638097899 167.658739653647
500 1000 123.924016787728 756.149425224285 -2192.13835809369 -1467.14931305953 139.087632583247
600 1200 119.671476225794 730.201621198881 -2208.31667282419 -1467.14381160276 58.045271406091
700 1400 122.399436017685 746.846863034502 -2196.51014017731 -1467.00395666117 105.270569665131
800 1600 121.135185787913 739.132764433104 -2188.01958316639 -1467.11422632744 144.079972871771
900 1800 119.352584998151 728.255836800165 -2198.41164624604 -1467.32003064141 101.649337600245
1000 2000 115.686820489286 705.888374880867 -2207.79734401564 -1467.21727792744 71.1610556425161
1100 2200 120.25139343004 733.740112542483 -2182.33958680656 -1467.28271253737 177.497556531893
1200 2400 120.111399258755 732.885907563533 -2193.17162511137 -1467.30057109978 132.671093510663
1300 2600 118.740673477766 724.522125156364 -2205.62548801626 -1467.33405659874 79.8518458395583
1400 2800 119.042547177395 726.364073395146 -2191.32662420518 -1467.22276385682 119.171326527951
1500 3000 126.276764532661 770.505228894501 -2181.07053222558 -1467.12839247967 164.133383476882
1600 3200 119.328415652206 728.108362262801 -2187.71241548217 -1467.19930989947 123.285708027409
1700 3400 120.335526824194 734.253470802495 -2188.61936136664 -1466.96478304699 116.082663954494
1800 3600 120.630967400148 736.056165933644 -2191.86444888567 -1467.0988957215 114.602009135932
1900 3800 120.170808321825 733.24840492327 -2185.03947653968 -1467.05359760428 138.900785988073
2000 4000 119.498516460511 729.146269455965 -2189.35637197347 -1467.18820591064 118.946003443694
2100 4200 120.591628412573 735.816130518274 -2175.86568115768 -1467.20584076127 160.081148119228
2200 4400 122.789607067819 749.227576821426 -2198.7757192632 -1467.34478752087 95.0851580738183
2300 4600 119.735228215349 730.590617872066 -2207.22448996297 -1467.35521209289 63.6646025046037
2400 4800 122.059311931281 744.771521715634 -2189.87703682494 -1467.39485931463 124.431798667655
2500 5000 117.50173228466 716.962455163914 -2181.14168083201 -1467.27492645567 145.760670733765
2600 5200 122.248944345287 745.928605262242 -2204.55589576437 -1467.46725101672 74.2405117821102
2700 5400 117.617668790832 717.669867050466 -2202.08525955655 -1467.33907811215 72.6533625867376
2800 5600 120.285371424567 733.947436689153 -2210.0628843047 -1467.24169912438 53.5237275806314
2900 5800 119.469641389076 728.97008190786 -2188.8621954692 -1467.349416819 145.279006102695
3000 6000 121.036031470482 738.527752732565 -2176.19123004541 -1467.3779818991 186.97130769171
3100 6200 118.707240752276 724.318128087686 -2198.44683563952 -1467.27535317425 93.8978128474256
3200 6400 121.880315720223 743.67933728184 -2208.79985985371 -1467.34707578175 60.1077940792221
3300 6600 118.96875011403 725.913784512544 -2189.96226786903 -1467.47899851625 124.91643378516
3400 6800 123.076764992697 750.979733549989 -2187.68902788712 -1467.49066331923 157.14623730696
3500 7000 116.51204003782 710.923631996338 -2184.90724225928 -1467.33572582329 141.96667296664
3600 7200 121.303448507655 740.159456127879 -2196.23124768028 -1467.28066088616 124.223295938558
3700 7400 115.730242005479 706.153320735297 -2206.12058996755 -1467.38519953044 90.2248869827517
3800 7600 120.76077238922 736.848199394326 -2185.84261851934 -1467.4132699382 137.996396158417
3900 7800 120.564544266742 735.650870693474 -2195.02920753699 -1467.19655532484 94.5520561997029
4000 8000 116.600078118075 711.460815550489 -2197.05125016075 -1467.15961192451 73.221581838339
4100 8200 120.649515023812 736.169338306011 -2186.52406931568 -1467.21788618796 111.229475831916
4200 8400 118.813620873867 724.967229608776 -2193.01707889291 -1467.17085116057 74.6697069926805
4300 8600 120.653156210343 736.191555800036 -2186.53000940293 -1467.31163097214 105.260556742678
4400 8800 118.525163669811 723.207145044841 -2177.9836097413 -1467.30704015329 136.896992606748
4500 9000 121.441152311776 740.999685931887 -2184.29871727249 -1467.25381446379 131.155714590447
4600 9200 121.91749023844 743.906165715194 -2177.2684535357 -1467.31120383994 147.801965539618
4700 9400 120.241817274009 733.681681537208 -2193.7237779846 -1467.35058874179 73.6174594642235
4800 9600 116.582928278139 711.356172060497 -2178.06755908513 -1467.28256958013 113.982140334736
4900 9800 120.049600321752 732.50882786659 -2163.49046805799 -1467.13011558326 187.914486461046
5000 10000 117.447828857283 716.633551641539 -2184.90122417628 -1467.16860907526 129.913234894752
5100 10200 123.759028375557 755.142712431516 -2193.08069562159 -1467.3030588824 137.543964461235
5200 10400 120.345371333554 734.313539224153 -2181.13384004152 -1467.40089448951 189.693417345703
5300 10600 121.049676137066 738.611008642617 -2189.33765058097 -1467.2580443675 159.258786821456
5400 10800 118.343856164376 722.10085774415 -2187.40263119913 -1467.45708058223 150.301200086561
5500 11000 121.794559607427 743.156077650002 -2195.76611292516 -1467.36988861948 113.011709356096
5600 11200 121.606389768826 742.007918326321 -2187.02257231678 -1467.27294149575 144.354467209196
5700 11400 119.13419644613 726.923291403666 -2202.08975730254 -1467.17017020025 74.2412729788345
5800 11600 120.895829092745 737.67227733652 -2187.76784520555 -1467.19190214581 124.873700750657
5900 11800 119.759119588368 730.736396296983 -2190.39322988073 -1467.3139086931 121.234326394331
6000 12000 121.145807261791 739.19757367328 -2175.6763151381 -1467.32044809242 154.71304658441
6100 12200 119.441694130652 728.799555613269 -2174.94515544535 -1467.28015949218 162.548708496072
6200 12400 122.472184558381 747.290754127274 -2186.88264102429 -1467.18622097968 135.560464254148
6300 12600 119.735434958616 730.59187936122 -2198.25890320407 -1467.00628050335 81.3014646749722
6400 12800 119.667194720562 730.1754966606 -2195.90104161031 -1467.21358902958 91.7273616999584
6500 13000 121.086424684909 738.835237924797 -2189.26499611677 -1467.10595133006 129.53767885487
6600 13200 118.224642199491 721.373447728209 -2194.93958307792 -1467.28927128926 115.232393808152
6700 13400 122.265752954877 746.03116666083 -2183.77795821937 -1467.15246766823 157.797854308726
6800 13600 119.176498986792 727.181409584757 -2193.44675232699 -1467.19301054412 125.60938376027
6900 13800 118.879202311563 725.367389058936 -2189.76662134781 -1467.32642483513 139.352784036613
7000 14000 124.987468668191 762.63830888873 -2196.59546265992 -1467.20251414377 136.816199634574
7100 14200 116.313060051084 709.709512195335 -2180.22092810967 -1466.98079974013 171.491155272074
7200 14400 123.952506865403 756.323263648965 -2202.68942125871 -1467.06328970346 99.1062540749542
7300 14600 120.218011925327 733.53642800856 -2204.35987910918 -1467.17696038107 83.2127388959611
7400 14800 117.125310832947 714.665637551534 -2191.84839250576 -1467.11883215716 104.181521772431
7500 15000 121.026301532968 738.46838339602 -2176.70487425326 -1467.12366192004 162.415342474576
7600 15200 118.702576189679 724.289666241324 -2198.22018569984 -1467.146808665 70.2501452103893
7700 15400 119.737412222906 730.603944070668 -2201.59024966223 -1467.18141087727 65.2465739653774
7800 15600 119.387417689372 728.468376065184 -2169.73326889982 -1467.16946856953 182.37272277984
7900 15800 121.815363911684 743.28301965135 -2179.56171056466 -1467.20478570493 152.528206600495
8000 16000 120.309756548859 734.096227845176 -2200.80755096237 -1467.13243794942 68.0792982543713
8100 16200 119.591909051096 729.716124723103 -2185.22261051766 -1467.20655199323 105.244395118058
8200 16400 120.253298375582 733.751735983313 -2167.58666633208 -1467.22208079314 175.626163452888
8300 16600 117.700903585894 718.177742312065 -2191.13305876423 -1467.28574426093 103.950764109372
8400 16800 121.349613081954 740.441139349798 -2200.24398506369 -1467.31486370133 73.8560183378177
8500 17000 121.661071906363 742.341573318634 -2177.32306744976 -1467.36270859194 149.532898720028
8600 17200 117.712114389482 718.246147476043 -2181.83279030639 -1467.08312939398 119.315663361891
8700 17400 121.501855954417 741.370082451316 -2203.84834486573 -1466.87505658157 53.0687333606981
8800 17600 118.319624975688 721.953005859795 -2177.24715318006 -1467.09766010063 133.245912625048
8900 17800 118.424672071065 722.593973630607 -2169.59390222154 -1467.13841474231 174.901988737494
9000 18000 121.042082212277 738.564672653732 -2196.30268528691 -1467.17039808252 117.557980750915
9100 18200 118.59156277022 723.612293642439 -2194.70335350132 -1467.28729102318 130.433316182709
9200 18400 122.377225490957 746.711340659946 -2207.72108557648 -1467.22351385683 105.067148128813
9300 18600 117.35146954867 716.045594297097 -2199.34333081525 -1467.2075435441 143.138545046405
9400 18800 121.210563591202 739.592698545222 -2197.3352746173 -1467.26235894163 157.61934907239
9500 19000 118.270803058789 721.655108282243 -2200.89803500172 -1467.16652149908 119.188199726321
9600 19200 117.344047462143 716.000306816862 -2211.83174972651 -1467.24407417909 61.4113938135556
9700 19400 119.957530727214 731.947045148476 -2186.55139297801 -1467.37512522328 149.814340926278
9800 19600 118.55736648351 723.403637538392 -2188.95796587566 -1467.41006798926 126.954644967188
9900 19800 116.860471169813 713.049660566232 -2196.64167649912 -1467.37828118149 76.3787786552881
10000 20000 121.488238381287 741.286991857888 -2192.12287870783 -1467.28239250061 108.920788186672
10100 20200 117.667107183419 717.971526188924 -2190.2941833787 -1467.31346441382 94.8777264897158
10200 20400 121.682812386694 742.474227602545 -2176.40459381849 -1467.11997430457 149.851226745872
10300 20600 118.394079593782 722.407306956033 -2175.0116125189 -1467.22769011861 164.9278849179
10400 20800 125.602229846495 766.389408342039 -2178.16515272455 -1467.13848815294 178.776661428688
10500 21000 119.172944592072 727.159721669906 -2181.28102571988 -1466.91990347896 161.043881220752
10600 21200 125.164190408143 763.716615140839 -2195.3306219879 -1467.11081989448 103.382189453104
10700 21400 119.474821318946 729.001688380079 -2204.88688254429 -1467.18714423316 48.3052467820865
10800 21600 120.026961538302 732.37069239021 -2196.94576622467 -1467.13500984 74.4306602535191
10900 21800 122.552119042151 747.778491819491 -2185.29217478677 -1467.10502608846 128.59929273314
11000 22000 116.499948400441 710.849852232805 -2189.21048768151 -1467.08383574115 116.679129892875
11100 22200 121.731443678553 742.770962039829 -2196.70795635773 -1467.02845467953 110.625637966196
11200 22400 118.358214129508 722.188466000912 -2196.71219648432 -1467.15373589415 117.736508412565
11300 22600 125.091295267242 763.271829534929 -2200.228107304 -1467.33363488459 110.312844034656
11400 22800 118.320317040153 721.957228642116 -2189.34849178518 -1467.34039386266 120.96444018296
11500 23000 122.421511317741 746.981560294011 -2189.36641816464 -1467.2942088964 125.001932161192
11600 23200 115.73155227878 706.161315653709 -2188.69703178391 -1467.23425652516 114.13433140263
11700 23400 121.949826564399 744.103472862923 -2191.1541939969 -1467.31648130887 130.684616555705
11800 23600 116.308562592031 709.682069967704 -2189.68549390199 -1467.2614795 128.911384521102
11900 23800 124.190247296834 757.773888759731 -2193.53556339547 -1467.20564294603 122.534737745048
12000 24000 119.346282544901 728.217381006643 -2192.48433415598 -1467.20260533108 103.261711020439
12100 24200 121.070761804222 738.739667441077 -2188.42688396404 -1467.18164698794 131.63212702165
12200 24400 121.494865332092 741.327427644042 -2188.22936880436 -1467.02548599265 136.340215566585
12300 24600 117.20799487032 715.170152244936 -2187.69538329011 -1467.11435360507 118.532932933151
12400 24800 122.701825024989 748.691955535485 -2184.34204988093 -1467.23580294725 144.48408350622
12500 25000 119.645442767994 730.042772376332 -2190.70963838858 -1467.1756086917 96.2478771412324
12600 25200 116.132301482923 708.606574355183 -2180.27013597173 -1467.13823525618 132.828163370859
12700 25400 123.543279793945 753.826275390434 -2191.43311838256 -1467.17359342034 117.806915866385
12800 25600 117.883516750547 719.291996377341 -2197.82287764987 -1467.08706891668 87.0302253399653
12900 25800 121.894984480008 743.768841919988 -2188.97624191342 -1467.29327611045 132.022756323206
13000 26000 118.360275409118 722.201043348164 -2176.22373861849 -1467.19076909742 162.604704455981
13100 26200 118.336262267599 722.054521926185 -2200.47646357172 -1467.1770352553 79.7416494033759
13200 26400 122.808009669014 749.339864307557 -2194.8804208578 -1467.05051840034 113.35387253229
13300 26600 117.250430156462 715.429080401537 -2197.29357291006 -1467.18933775028 93.0898492582123
13400 26800 120.710400583852 736.540844834141 -2204.09857024247 -1467.14110842774 86.1569791964551
13500 27000 118.665685131287 724.064567399937 -2195.88985037495 -1467.0558546476 103.896165796372
13600 27200 120.90202018177 737.710053616933 -2190.18452817913 -1467.2603524521 113.599537340183
13700 27400 119.964992950213 731.992577530152 -2189.85806900644 -1467.4491806007 127.063511918567
13800 27600 119.330139238859 728.118879102803 -2183.96959568545 -1467.31961390816 148.077053404438
13900 27800 124.245523244036 758.111167011269 -2196.90287933554 -1467.3736779805 106.926774612194
14000 28000 117.556764972911 717.298249117891 -2193.11704898663 -1467.38550691356 112.547831644506
14100 28200 121.225992749685 739.686842921924 -2173.39055658572 -1467.45530460905 185.91371573155
14200 28400 119.655320975769 730.103046416219 -2195.78234142868 -1467.42109916745 118.236331920247
14300 28600 120.652903534789 736.190014045015 -2194.57103505568 -1467.52963680371 135.482206313123
14400 28800 122.835891758988 749.509992962635 -2177.93243581447 -1467.57262188572 204.302373840326
14500 29000 117.729962793274 718.355053405807 -2172.928882881 -1467.71203350116 203.426431839456
14600 29200 122.336283770179 746.461525818268 -2181.50175570696 -1467.49569484227 198.210818323149
14700 29400 116.794759610777 712.64870715233 -2181.32732379511 -1467.48119070469 193.372505431829
14800 29600 122.382868370976 746.745771923503 -2208.38496325514 -1467.30368552469 114.570027276132
14900 29800 121.277891632845 740.003515280425 -2198.51111135542 -1467.35319916404 139.498148599101
15000 30000 118.77242248766 724.715848666985 -2177.63410394617 -1467.33371028156 184.202599393786
15100 30200 122.916579769066 750.002328460018 -2188.68632709804 -1467.27599185905 148.472829461816
15200 30400 118.003460313695 720.023858196258 -2184.61165803381 -1467.39789443101 142.04263408698
15300 30600 122.531776069692 747.654364734763 -2190.2928506948 -1467.48871402941 125.775347045546
15400 30800 117.653245983178 717.886949051524 -2195.44358674034 -1467.27037547776 88.0453163465582
15500 31000 120.072478835233 732.64842610805 -2182.12650477238 -1467.19795424502 146.030615773026
15600 31200 118.525428793301 723.208762753658 -2192.05660479258 -1467.36192375954 110.810534780738
15700 31400 119.983989837686 732.108491183663 -2210.14819577676 -1467.21799792734 44.6807850071953
15800 31600 120.31341194031 734.118532013621 -2192.05438856052 -1467.25112301424 115.809647480195
15900 31800 123.094066681215 751.085303577232 -2179.54298527071 -1467.37924809895 171.342533692941
16000 32000 118.686062463387 724.188904137517 -2188.89555478988 -1467.2366670371 136.865261754293
16100 32200 119.761934837074 730.753574151174 -2197.14810408943 -1467.13852909735 110.000116276584
16200 32400 122.311110038623 746.307922802964 -2182.93767824793 -1467.28266518462 142.518821970173
16300 32600 119.965605350287 731.996314222812 -2203.84647975514 -1467.22047202278 49.014442795675
16400 32800 118.424039417108 722.590113354461 -2188.06850259272 -1467.28303474667 105.767839231826
16500 33000 121.153874673248 739.246798744374 -2166.5961538774 -1467.32417658605 194.689606853849
16600 33200 120.666133591493 736.270740122425 -2190.17727686154 -1467.43938554742 125.669483913634
16700 33400 119.154466005392 727.046970541758 -2191.73729858756 -1467.24156722785 126.307990264465
16800 33600 121.796057497083 743.165217350539 -2194.30374814607 -1467.3661968436 120.217536733886
16900 33800 121.539004234644 741.596750787852 -2208.49098858752 -1467.27141673657 70.5994344304418
17000 34000 117.922479478408 719.529735961974 -2183.52003428933 -1467.12677749006 138.770932667477
17100 34200 119.952447057438 731.916026028222 -2187.78860544901 -1466.97004421145 137.237653240071
17200 34400 117.456143121355 716.684282937712 -2184.49117212331 -1467.11040978925 143.158017402356
17300 34600 122.826285452674 749.451377988829 -2184.48740200606 -1467.18631993789 150.521819564578
17400 34800 118.697965716015 724.261534430386 -2189.00856869654 -1467.32351806584 126.782091323171
17500 35000 121.047330255177 738.596694732468 -2189.37131386341 -1467.15352465705 134.441730736775
17600 35200 124.269809231715 758.259353263625 -2188.51107480213 -1467.07569740412 162.25422222982
17700 35400 118.73307422066 724.475756631185 -2192.25431213532 -1467.14019295268 128.097068594761
17800 35600 120.279902623678 733.914067607385 -2191.52209230147 -1467.24719743185 113.060085081993
17900 35800 119.304151284591 727.960307929984 -2180.23378330245 -1467.17953379737 146.054937770647
18000 36000 118.73397012198 724.481223168549 -2187.99233073507 -1467.19875405948 127.110512906768
18100 36200 118.791854288215 724.834416037554 -2196.31608446352 -1467.23936755168 108.533133449474
18200 36400 121.573697653558 741.808440252501 -2184.02119774284 -1467.30820877683 158.667077943261
18300 36600 119.927039714515 731.760997582197 -2185.43928138158 -1467.28445668239 158.075444933841
18400 36800 115.682287655533 705.860716806784 -2189.25647139395 -1467.25333547922 132.594396755814
18500 37000 121.347627427181 740.429023443988 -2205.90961952534 -1467.30161004775 93.7027969111926
18600 37200 121.055983460579 738.649494153115 -2178.56365305474 -1467.24864751019 191.970977174786
18700 37400 121.96340472431 744.186322967999 -2194.70145415735 -1467.22193341917 119.008477739777
18800 37600 116.879965323128 713.168608395767 -2202.08509028904 -1467.27216093409 69.3852189670922
18900 37800 122.402703762585 746.86680189294 -2212.987765976 -1467.1847607314 36.4872160569418
19000 38000 117.09732402321 714.494869925978 -2208.46125620792 -1467.03807043123 52.7089126857949
19100 38200 120.777803538422 736.95211866691 -2206.12321923299 -1467.06602110809 87.3589397377455
19200 38400 118.823131634483 725.025261589659 -2203.40664593856 -1467.08277758791 88.8495459281917
19300 38600 123.159681248478 751.48566517467 -2198.6365153143 -1467.22731168281 111.974179756933
19400 38800 117.597598629312 717.547404581196 -2187.67073097248 -1467.33508986203 121.941638185384
19500 39000 122.30365230273 746.262417800344 -2191.95293226559 -1467.21675619477 118.948476691068
19600 39200 119.526018037527 729.314076328213 -2180.52312831974 -1467.19163814891 166.053545567772
19700 39400 115.813922553982 706.66391585877 -2184.84546820094 -1467.26819186408 154.876769489931
19800 39600 121.468796087791 741.168360462352 -2183.66910962444 -1467.11781519373 166.93098359415
19900 39800 121.861696421936 743.565727571127 -2194.85129758937 -1467.28244666334 120.88669464179
20000 40000 116.65008320589 711.765932503516 -2191.95323097454 -1467.03882321661 107.254019647618
